20 2 1
1.000000 0.742556
0.062500
1.000000 0.919980
0.027778
1.000000 0.819203
0.034722
1.000000 0.622691
0.062500
0.940929 1.000000
0.034722
0.853292 0.807938
0.250000
0.753289 1.000000
0.562500
1.000000 0.853682
0.027778
0.655840 1.000000
0.534722
0.852928 0.704236
0.159722
1.000000 0.865451
0.506944
0.895398 1.000000
0.041667
0.863586 1.000000
0.006944
0.897527 1.000000
0.555556
1.000000 0.957690
0.048611
0.922547 1.000000
0.527778
0.950269 1.000000
0.541667
1.000000 0.482579
0.687500
1.000000 0.975794
0.013889
1.000000 0.893008
0.034722
